12 8 2 0 15 7 9 14 9 14 0 7 
0 0 0 0 0 0 0 0 0 0 0 0 
0 0 0 0 0 0 12 0 5 3 0 1 
8 9 0 12 6 0 11 6 9 0 7 0 
8 9 8 5 6 4 11 15 6 12 12 0 
0 0 0 0 0 0 0 0 0 2 0 2 
0 0 0 0 0 0 4 0 13 14 0 12 
9 3 11 11 2 6 13 2 3 11 5 0 
9 3 9 6 2 3 13 1 4 12 15 0 
0 0 0 0 0 0 0 0 0 2 0 9 
0 0 0 0 0 0 15 0 13 6 0 12 
9 7 1 3 12 7 12 10 6 6 12 8 
9 7 6 8 12 9 12 1 2 10 13 8 
0 0 0 0 0 0 0 0 0 3 0 7 
0 0 0 0 0 0 12 0 9 10 0 3 
12 14 14 6 4 14 3 5 12 13 10 6 
12 14 13 7 4 10 3 7 13 6 5 6 
0 0 0 0 0 0 0 0 0 5 0 1 
0 0 0 0 0 0 4 0 14 4 0 6 
6 10 7 2 6 7 2 8 10 12 15 8 
6 10 8 8 6 15 2 12 9 14 10 8 
0 0 0 0 0 0 0 0 0 6 0 1 
0 0 0 0 0 0 10 0 1 4 0 9 
4 2 9 6 8 0 11 1 7 8 15 15 
4 2 6 14 8 4 11 9 11 2 1 15 
0 0 0 0 0 0 0 0 0 7 0 15 
0 0 0 0 0 0 1 0 1 11 0 2 
7 6 3 2 6 4 7 13 13 0 15 11 
7 6 12 4 6 13 7 12 4 3 5 11 
0 0 0 0 0 0 0 0 0 13 0 13 
0 0 0 0 0 0 9 0 15 4 0 4 
15 13 4 9 8 8 0 15 6 11 1 11 
15 13 12 8 8 9 0 1 8 10 13 11 
0 0 0 0 0 0 0 0 0 14 0 12 
0 0 0 0 0 0 9 0 8 2 0 10 
7 7 5 8 9 13 12 5 0 14 8 0 
7 7 13 7 9 9 12 9 15 9 2 0 
0 0 0 0 0 0 0 0 1 2 0 0 
0 0 0 0 0 0 10 0 5 6 0 4 
7 7 7 4 7 15 5 9 14 8 2 4 
7 7 10 7 7 12 5 12 12 7 7 4 
0 0 0 0 0 0 0 0 1 2 0 5 
0 0 0 0 0 0 8 0 5 12 0 13 
0 2 2 12 7 12 5 9 8 11 14 4 
0 2 14 10 7 7 5 8 14 13 0 4 
0 0 0 0 0 0 0 0 1 7 0 13 
0 0 0 0 0 0 3 0 15 1 0 1 
6 11 13 2 10 8 11 12 7 10 13 2 
6 11 4 14 10 14 11 0 9 13 10 2 
0 0 0 0 0 0 0 0 1 11 0 3 
0 0 0 0 0 0 2 0 6 3 0 0 
13 10 12 10 9 15 10 2 7 3 15 14 
13 10 6 1 9 5 10 8 9 14 1 14 
