(13, 450): 1
(13, 193, [(192, 2.966204285652495), (240, 5.6742544867547045)], 450)

(13, 540): 1
(13, 44, [(12, 2.966204285652495), (15, 5.6742544867547045)], 540)

(14, 540): 1
(14, 268, [(12, 2.966204285652495), (15, 5.6742544867547045)], 540)

(14, 3105): 1
(14, 3074, [(3072, 2.966204285652495), (3840, 5.6742544867547045)], 3105)

(19, 450): 1
(19, 704, [(192, 2.966204285652495), (240, 5.6742544867547045)], 450)

(19, 3105): 1
(19, 3088, [(3072, 2.966204285652495), (3840, 5.6742544867547045)], 3105)

(22, 540): 1
(22, 268, [(12, 2.966204285652495), (15, 5.6742544867547045)], 540)

(22, 3105): 1
(22, 3074, [(3072, 2.966204285652495), (3840, 5.6742544867547045)], 3105)

(26, 540): 1
(26, 268, [(12, 2.966204285652495), (15, 5.6742544867547045)], 540)

(26, 3105): 1
(26, 3074, [(3072, 2.966204285652495), (3840, 5.6742544867547045)], 3105)

(28, 540): 1
(28, 268, [(12, 2.966204285652495), (15, 5.6742544867547045)], 540)

(28, 3105): 1
(28, 3074, [(3072, 2.966204285652495), (3840, 5.6742544867547045)], 3105)

(37, 450): 1
(37, 193, [(192, 2.966204285652495), (240, 5.6742544867547045)], 450)

(37, 540): 1
(37, 44, [(12, 2.966204285652495), (15, 5.6742544867547045)], 540)

(38, 540): 1
(38, 268, [(12, 2.966204285652495), (15, 5.6742544867547045)], 540)

(38, 3105): 1
(38, 3074, [(3072, 2.966204285652495), (3840, 5.6742544867547045)], 3105)

(41, 450): 1
(41, 193, [(192, 2.966204285652495), (240, 5.6742544867547045)], 450)

(41, 540): 1
(41, 44, [(12, 2.966204285652495), (15, 5.6742544867547045)], 540)

(42, 540): 1
(42, 268, [(12, 2.966204285652495), (15, 5.6742544867547045)], 540)

(42, 3105): 1
(42, 3074, [(3072, 2.966204285652495), (3840, 5.6742544867547045)], 3105)

(44, 450): 2
(44, 193, [(192, 2.966204285652495), (240, 5.6742544867547045)], 450)
(44, 704, [(192, 2.966204285652495), (240, 5.6742544867547045)], 450)

(44, 540): 2
(44, 44, [(12, 2.966204285652495), (15, 5.6742544867547045)], 540)
(44, 268, [(12, 2.966204285652495), (15, 5.6742544867547045)], 540)

(44, 3105): 2
(44, 3074, [(3072, 2.966204285652495), (3840, 5.6742544867547045)], 3105)
(44, 3088, [(3072, 2.966204285652495), (3840, 5.6742544867547045)], 3105)

(50, 540): 1
(50, 268, [(12, 2.966204285652495), (15, 5.6742544867547045)], 540)

(50, 3105): 1
(50, 3074, [(3072, 2.966204285652495), (3840, 5.6742544867547045)], 3105)

(52, 540): 1
(52, 268, [(12, 2.966204285652495), (15, 5.6742544867547045)], 540)

(52, 3105): 1
(52, 3074, [(3072, 2.966204285652495), (3840, 5.6742544867547045)], 3105)

(56, 540): 1
(56, 268, [(12, 2.966204285652495), (15, 5.6742544867547045)], 540)

(56, 3105): 1
(56, 3074, [(3072, 2.966204285652495), (3840, 5.6742544867547045)], 3105)

(67, 450): 1
(67, 704, [(192, 2.966204285652495), (240, 5.6742544867547045)], 450)

(67, 3105): 1
(67, 3088, [(3072, 2.966204285652495), (3840, 5.6742544867547045)], 3105)

(69, 450): 1
(69, 193, [(192, 2.966204285652495), (240, 5.6742544867547045)], 450)

(69, 540): 1
(69, 44, [(12, 2.966204285652495), (15, 5.6742544867547045)], 540)

(73, 450): 1
(73, 193, [(192, 2.966204285652495), (240, 5.6742544867547045)], 450)

(73, 540): 1
(73, 44, [(12, 2.966204285652495), (15, 5.6742544867547045)], 540)

(76, 450): 1
(76, 193, [(192, 2.966204285652495), (240, 5.6742544867547045)], 450)

(76, 540): 1
(76, 44, [(12, 2.966204285652495), (15, 5.6742544867547045)], 540)

(81, 450): 1
(81, 704, [(192, 2.966204285652495), (240, 5.6742544867547045)], 450)

(81, 3105): 1
(81, 3088, [(3072, 2.966204285652495), (3840, 5.6742544867547045)], 3105)

(82, 450): 1
(82, 704, [(192, 2.966204285652495), (240, 5.6742544867547045)], 450)

(82, 3105): 1
(82, 3088, [(3072, 2.966204285652495), (3840, 5.6742544867547045)], 3105)

(97, 450): 1
(97, 193, [(192, 2.966204285652495), (240, 5.6742544867547045)], 450)

(97, 540): 1
(97, 44, [(12, 2.966204285652495), (15, 5.6742544867547045)], 540)

(100, 450): 1
(100, 193, [(192, 2.966204285652495), (240, 5.6742544867547045)], 450)

(100, 540): 1
(100, 44, [(12, 2.966204285652495), (15, 5.6742544867547045)], 540)

(104, 450): 1
(104, 193, [(192, 2.966204285652495), (240, 5.6742544867547045)], 450)

(104, 540): 1
(104, 44, [(12, 2.966204285652495), (15, 5.6742544867547045)], 540)

(131, 450): 1
(131, 704, [(192, 2.966204285652495), (240, 5.6742544867547045)], 450)

(131, 3105): 1
(131, 3088, [(3072, 2.966204285652495), (3840, 5.6742544867547045)], 3105)

(133, 450): 1
(133, 193, [(192, 2.966204285652495), (240, 5.6742544867547045)], 450)

(133, 540): 1
(133, 44, [(12, 2.966204285652495), (15, 5.6742544867547045)], 540)

(137, 450): 1
(137, 193, [(192, 2.966204285652495), (240, 5.6742544867547045)], 450)

(137, 540): 1
(137, 44, [(12, 2.966204285652495), (15, 5.6742544867547045)], 540)

(140, 450): 1
(140, 193, [(192, 2.966204285652495), (240, 5.6742544867547045)], 450)

(140, 540): 1
(140, 44, [(12, 2.966204285652495), (15, 5.6742544867547045)], 540)

(145, 450): 1
(145, 704, [(192, 2.966204285652495), (240, 5.6742544867547045)], 450)

(145, 3105): 1
(145, 3088, [(3072, 2.966204285652495), (3840, 5.6742544867547045)], 3105)

(146, 450): 1
(146, 704, [(192, 2.966204285652495), (240, 5.6742544867547045)], 450)

(146, 3105): 1
(146, 3088, [(3072, 2.966204285652495), (3840, 5.6742544867547045)], 3105)

(161, 450): 1
(161, 193, [(192, 2.966204285652495), (240, 5.6742544867547045)], 450)

(161, 540): 1
(161, 44, [(12, 2.966204285652495), (15, 5.6742544867547045)], 540)

(164, 450): 1
(164, 193, [(192, 2.966204285652495), (240, 5.6742544867547045)], 450)

(164, 540): 1
(164, 44, [(12, 2.966204285652495), (15, 5.6742544867547045)], 540)

(168, 450): 1
(168, 193, [(192, 2.966204285652495), (240, 5.6742544867547045)], 450)

(168, 540): 1
(168, 44, [(12, 2.966204285652495), (15, 5.6742544867547045)], 540)

(193, 450): 2
(193, 193, [(192, 2.966204285652495), (240, 5.6742544867547045)], 450)
(193, 704, [(192, 2.966204285652495), (240, 5.6742544867547045)], 450)

(193, 540): 2
(193, 44, [(12, 2.966204285652495), (15, 5.6742544867547045)], 540)
(193, 268, [(12, 2.966204285652495), (15, 5.6742544867547045)], 540)

(193, 3105): 2
(193, 3074, [(3072, 2.966204285652495), (3840, 5.6742544867547045)], 3105)
(193, 3088, [(3072, 2.966204285652495), (3840, 5.6742544867547045)], 3105)

(194, 450): 1
(194, 704, [(192, 2.966204285652495), (240, 5.6742544867547045)], 450)

(194, 3105): 1
(194, 3088, [(3072, 2.966204285652495), (3840, 5.6742544867547045)], 3105)

(196, 450): 1
(196, 193, [(192, 2.966204285652495), (240, 5.6742544867547045)], 450)

(196, 540): 1
(196, 44, [(12, 2.966204285652495), (15, 5.6742544867547045)], 540)

(200, 450): 1
(200, 193, [(192, 2.966204285652495), (240, 5.6742544867547045)], 450)

(200, 540): 1
(200, 44, [(12, 2.966204285652495), (15, 5.6742544867547045)], 540)

(208, 450): 1
(208, 704, [(192, 2.966204285652495), (240, 5.6742544867547045)], 450)

(208, 3105): 1
(208, 3088, [(3072, 2.966204285652495), (3840, 5.6742544867547045)], 3105)

(224, 450): 1
(224, 193, [(192, 2.966204285652495), (240, 5.6742544867547045)], 450)

(224, 540): 1
(224, 44, [(12, 2.966204285652495), (15, 5.6742544867547045)], 540)

(261, 450): 1
(261, 193, [(192, 2.966204285652495), (240, 5.6742544867547045)], 450)

(261, 540): 1
(261, 44, [(12, 2.966204285652495), (15, 5.6742544867547045)], 540)

(262, 540): 1
(262, 268, [(12, 2.966204285652495), (15, 5.6742544867547045)], 540)

(262, 3105): 1
(262, 3074, [(3072, 2.966204285652495), (3840, 5.6742544867547045)], 3105)

(265, 450): 1
(265, 193, [(192, 2.966204285652495), (240, 5.6742544867547045)], 450)

(265, 540): 1
(265, 44, [(12, 2.966204285652495), (15, 5.6742544867547045)], 540)

(266, 540): 1
(266, 268, [(12, 2.966204285652495), (15, 5.6742544867547045)], 540)

(266, 3105): 1
(266, 3074, [(3072, 2.966204285652495), (3840, 5.6742544867547045)], 3105)

(268, 450): 2
(268, 193, [(192, 2.966204285652495), (240, 5.6742544867547045)], 450)
(268, 704, [(192, 2.966204285652495), (240, 5.6742544867547045)], 450)

(268, 540): 2
(268, 44, [(12, 2.966204285652495), (15, 5.6742544867547045)], 540)
(268, 268, [(12, 2.966204285652495), (15, 5.6742544867547045)], 540)

(268, 3105): 2
(268, 3074, [(3072, 2.966204285652495), (3840, 5.6742544867547045)], 3105)
(268, 3088, [(3072, 2.966204285652495), (3840, 5.6742544867547045)], 3105)

(274, 540): 1
(274, 268, [(12, 2.966204285652495), (15, 5.6742544867547045)], 540)

(274, 3105): 1
(274, 3074, [(3072, 2.966204285652495), (3840, 5.6742544867547045)], 3105)

(276, 540): 1
(276, 268, [(12, 2.966204285652495), (15, 5.6742544867547045)], 540)

(276, 3105): 1
(276, 3074, [(3072, 2.966204285652495), (3840, 5.6742544867547045)], 3105)

(280, 540): 1
(280, 268, [(12, 2.966204285652495), (15, 5.6742544867547045)], 540)

(280, 3105): 1
(280, 3074, [(3072, 2.966204285652495), (3840, 5.6742544867547045)], 3105)

(289, 450): 1
(289, 193, [(192, 2.966204285652495), (240, 5.6742544867547045)], 450)

(289, 540): 1
(289, 44, [(12, 2.966204285652495), (15, 5.6742544867547045)], 540)

(290, 540): 1
(290, 268, [(12, 2.966204285652495), (15, 5.6742544867547045)], 540)

(290, 3105): 1
(290, 3074, [(3072, 2.966204285652495), (3840, 5.6742544867547045)], 3105)

(292, 450): 2
(292, 193, [(192, 2.966204285652495), (240, 5.6742544867547045)], 450)
(292, 704, [(192, 2.966204285652495), (240, 5.6742544867547045)], 450)

(292, 540): 2
(292, 44, [(12, 2.966204285652495), (15, 5.6742544867547045)], 540)
(292, 268, [(12, 2.966204285652495), (15, 5.6742544867547045)], 540)

(292, 3105): 2
(292, 3074, [(3072, 2.966204285652495), (3840, 5.6742544867547045)], 3105)
(292, 3088, [(3072, 2.966204285652495), (3840, 5.6742544867547045)], 3105)

(296, 450): 2
(296, 193, [(192, 2.966204285652495), (240, 5.6742544867547045)], 450)
(296, 704, [(192, 2.966204285652495), (240, 5.6742544867547045)], 450)

(296, 540): 2
(296, 44, [(12, 2.966204285652495), (15, 5.6742544867547045)], 540)
(296, 268, [(12, 2.966204285652495), (15, 5.6742544867547045)], 540)

(296, 3105): 2
(296, 3074, [(3072, 2.966204285652495), (3840, 5.6742544867547045)], 3105)
(296, 3088, [(3072, 2.966204285652495), (3840, 5.6742544867547045)], 3105)

(304, 540): 1
(304, 268, [(12, 2.966204285652495), (15, 5.6742544867547045)], 540)

(304, 3105): 1
(304, 3074, [(3072, 2.966204285652495), (3840, 5.6742544867547045)], 3105)

(321, 450): 1
(321, 193, [(192, 2.966204285652495), (240, 5.6742544867547045)], 450)

(321, 540): 1
(321, 44, [(12, 2.966204285652495), (15, 5.6742544867547045)], 540)

(324, 450): 1
(324, 193, [(192, 2.966204285652495), (240, 5.6742544867547045)], 450)

(324, 540): 1
(324, 44, [(12, 2.966204285652495), (15, 5.6742544867547045)], 540)

(328, 450): 1
(328, 193, [(192, 2.966204285652495), (240, 5.6742544867547045)], 450)

(328, 540): 1
(328, 44, [(12, 2.966204285652495), (15, 5.6742544867547045)], 540)

(352, 450): 1
(352, 193, [(192, 2.966204285652495), (240, 5.6742544867547045)], 450)

(352, 540): 1
(352, 44, [(12, 2.966204285652495), (15, 5.6742544867547045)], 540)

(385, 450): 1
(385, 193, [(192, 2.966204285652495), (240, 5.6742544867547045)], 450)

(385, 540): 1
(385, 44, [(12, 2.966204285652495), (15, 5.6742544867547045)], 540)

(388, 450): 1
(388, 193, [(192, 2.966204285652495), (240, 5.6742544867547045)], 450)

(388, 540): 1
(388, 44, [(12, 2.966204285652495), (15, 5.6742544867547045)], 540)

(392, 450): 1
(392, 193, [(192, 2.966204285652495), (240, 5.6742544867547045)], 450)

(392, 540): 1
(392, 44, [(12, 2.966204285652495), (15, 5.6742544867547045)], 540)

(416, 450): 1
(416, 193, [(192, 2.966204285652495), (240, 5.6742544867547045)], 450)

(416, 540): 1
(416, 44, [(12, 2.966204285652495), (15, 5.6742544867547045)], 540)

(448, 450): 1
(448, 193, [(192, 2.966204285652495), (240, 5.6742544867547045)], 450)

(448, 540): 1
(448, 44, [(12, 2.966204285652495), (15, 5.6742544867547045)], 540)

(515, 450): 1
(515, 704, [(192, 2.966204285652495), (240, 5.6742544867547045)], 450)

(515, 3105): 1
(515, 3088, [(3072, 2.966204285652495), (3840, 5.6742544867547045)], 3105)

(517, 450): 1
(517, 193, [(192, 2.966204285652495), (240, 5.6742544867547045)], 450)

(517, 540): 1
(517, 44, [(12, 2.966204285652495), (15, 5.6742544867547045)], 540)

(521, 450): 1
(521, 193, [(192, 2.966204285652495), (240, 5.6742544867547045)], 450)

(521, 540): 1
(521, 44, [(12, 2.966204285652495), (15, 5.6742544867547045)], 540)

(524, 450): 1
(524, 193, [(192, 2.966204285652495), (240, 5.6742544867547045)], 450)

(524, 540): 1
(524, 44, [(12, 2.966204285652495), (15, 5.6742544867547045)], 540)

(529, 450): 1
(529, 704, [(192, 2.966204285652495), (240, 5.6742544867547045)], 450)

(529, 3105): 1
(529, 3088, [(3072, 2.966204285652495), (3840, 5.6742544867547045)], 3105)

(530, 450): 1
(530, 704, [(192, 2.966204285652495), (240, 5.6742544867547045)], 450)

(530, 3105): 1
(530, 3088, [(3072, 2.966204285652495), (3840, 5.6742544867547045)], 3105)

(545, 450): 1
(545, 193, [(192, 2.966204285652495), (240, 5.6742544867547045)], 450)

(545, 540): 1
(545, 44, [(12, 2.966204285652495), (15, 5.6742544867547045)], 540)

(548, 450): 1
(548, 193, [(192, 2.966204285652495), (240, 5.6742544867547045)], 450)

(548, 540): 1
(548, 44, [(12, 2.966204285652495), (15, 5.6742544867547045)], 540)

(552, 450): 1
(552, 193, [(192, 2.966204285652495), (240, 5.6742544867547045)], 450)

(552, 540): 1
(552, 44, [(12, 2.966204285652495), (15, 5.6742544867547045)], 540)

(577, 450): 2
(577, 193, [(192, 2.966204285652495), (240, 5.6742544867547045)], 450)
(577, 704, [(192, 2.966204285652495), (240, 5.6742544867547045)], 450)

(577, 540): 2
(577, 44, [(12, 2.966204285652495), (15, 5.6742544867547045)], 540)
(577, 268, [(12, 2.966204285652495), (15, 5.6742544867547045)], 540)

(577, 3105): 2
(577, 3074, [(3072, 2.966204285652495), (3840, 5.6742544867547045)], 3105)
(577, 3088, [(3072, 2.966204285652495), (3840, 5.6742544867547045)], 3105)

(578, 450): 1
(578, 704, [(192, 2.966204285652495), (240, 5.6742544867547045)], 450)

(578, 3105): 1
(578, 3088, [(3072, 2.966204285652495), (3840, 5.6742544867547045)], 3105)

(580, 450): 1
(580, 193, [(192, 2.966204285652495), (240, 5.6742544867547045)], 450)

(580, 540): 1
(580, 44, [(12, 2.966204285652495), (15, 5.6742544867547045)], 540)

(584, 450): 1
(584, 193, [(192, 2.966204285652495), (240, 5.6742544867547045)], 450)

(584, 540): 1
(584, 44, [(12, 2.966204285652495), (15, 5.6742544867547045)], 540)

(592, 450): 1
(592, 704, [(192, 2.966204285652495), (240, 5.6742544867547045)], 450)

(592, 3105): 1
(592, 3088, [(3072, 2.966204285652495), (3840, 5.6742544867547045)], 3105)

(608, 450): 1
(608, 193, [(192, 2.966204285652495), (240, 5.6742544867547045)], 450)

(608, 540): 1
(608, 44, [(12, 2.966204285652495), (15, 5.6742544867547045)], 540)

(641, 450): 2
(641, 193, [(192, 2.966204285652495), (240, 5.6742544867547045)], 450)
(641, 704, [(192, 2.966204285652495), (240, 5.6742544867547045)], 450)

(641, 540): 2
(641, 44, [(12, 2.966204285652495), (15, 5.6742544867547045)], 540)
(641, 268, [(12, 2.966204285652495), (15, 5.6742544867547045)], 540)

(641, 3105): 2
(641, 3074, [(3072, 2.966204285652495), (3840, 5.6742544867547045)], 3105)
(641, 3088, [(3072, 2.966204285652495), (3840, 5.6742544867547045)], 3105)

(642, 450): 1
(642, 704, [(192, 2.966204285652495), (240, 5.6742544867547045)], 450)

(642, 3105): 1
(642, 3088, [(3072, 2.966204285652495), (3840, 5.6742544867547045)], 3105)

(644, 450): 1
(644, 193, [(192, 2.966204285652495), (240, 5.6742544867547045)], 450)

(644, 540): 1
(644, 44, [(12, 2.966204285652495), (15, 5.6742544867547045)], 540)

(648, 450): 1
(648, 193, [(192, 2.966204285652495), (240, 5.6742544867547045)], 450)

(648, 540): 1
(648, 44, [(12, 2.966204285652495), (15, 5.6742544867547045)], 540)

(656, 450): 1
(656, 704, [(192, 2.966204285652495), (240, 5.6742544867547045)], 450)

(656, 3105): 1
(656, 3088, [(3072, 2.966204285652495), (3840, 5.6742544867547045)], 3105)

(672, 450): 1
(672, 193, [(192, 2.966204285652495), (240, 5.6742544867547045)], 450)

(672, 540): 1
(672, 44, [(12, 2.966204285652495), (15, 5.6742544867547045)], 540)

(704, 450): 2
(704, 193, [(192, 2.966204285652495), (240, 5.6742544867547045)], 450)
(704, 704, [(192, 2.966204285652495), (240, 5.6742544867547045)], 450)

(704, 540): 2
(704, 44, [(12, 2.966204285652495), (15, 5.6742544867547045)], 540)
(704, 268, [(12, 2.966204285652495), (15, 5.6742544867547045)], 540)

(704, 3105): 2
(704, 3074, [(3072, 2.966204285652495), (3840, 5.6742544867547045)], 3105)
(704, 3088, [(3072, 2.966204285652495), (3840, 5.6742544867547045)], 3105)

(769, 450): 1
(769, 193, [(192, 2.966204285652495), (240, 5.6742544867547045)], 450)

(769, 540): 1
(769, 44, [(12, 2.966204285652495), (15, 5.6742544867547045)], 540)

(772, 450): 1
(772, 193, [(192, 2.966204285652495), (240, 5.6742544867547045)], 450)

(772, 540): 1
(772, 44, [(12, 2.966204285652495), (15, 5.6742544867547045)], 540)

(776, 450): 1
(776, 193, [(192, 2.966204285652495), (240, 5.6742544867547045)], 450)

(776, 540): 1
(776, 44, [(12, 2.966204285652495), (15, 5.6742544867547045)], 540)

(800, 450): 1
(800, 193, [(192, 2.966204285652495), (240, 5.6742544867547045)], 450)

(800, 540): 1
(800, 44, [(12, 2.966204285652495), (15, 5.6742544867547045)], 540)

(832, 450): 1
(832, 193, [(192, 2.966204285652495), (240, 5.6742544867547045)], 450)

(832, 540): 1
(832, 44, [(12, 2.966204285652495), (15, 5.6742544867547045)], 540)

(896, 450): 1
(896, 193, [(192, 2.966204285652495), (240, 5.6742544867547045)], 450)

(896, 540): 1
(896, 44, [(12, 2.966204285652495), (15, 5.6742544867547045)], 540)

(1027, 450): 1
(1027, 704, [(192, 2.966204285652495), (240, 5.6742544867547045)], 450)

(1027, 3105): 1
(1027, 3088, [(3072, 2.966204285652495), (3840, 5.6742544867547045)], 3105)

(1030, 540): 1
(1030, 268, [(12, 2.966204285652495), (15, 5.6742544867547045)], 540)

(1030, 3105): 1
(1030, 3074, [(3072, 2.966204285652495), (3840, 5.6742544867547045)], 3105)

(1034, 540): 1
(1034, 268, [(12, 2.966204285652495), (15, 5.6742544867547045)], 540)

(1034, 3105): 1
(1034, 3074, [(3072, 2.966204285652495), (3840, 5.6742544867547045)], 3105)

(1036, 540): 1
(1036, 268, [(12, 2.966204285652495), (15, 5.6742544867547045)], 540)

(1036, 3105): 1
(1036, 3074, [(3072, 2.966204285652495), (3840, 5.6742544867547045)], 3105)

(1041, 450): 1
(1041, 704, [(192, 2.966204285652495), (240, 5.6742544867547045)], 450)

(1041, 3105): 1
(1041, 3088, [(3072, 2.966204285652495), (3840, 5.6742544867547045)], 3105)

(1042, 450): 2
(1042, 193, [(192, 2.966204285652495), (240, 5.6742544867547045)], 450)
(1042, 704, [(192, 2.966204285652495), (240, 5.6742544867547045)], 450)

(1042, 540): 2
(1042, 44, [(12, 2.966204285652495), (15, 5.6742544867547045)], 540)
(1042, 268, [(12, 2.966204285652495), (15, 5.6742544867547045)], 540)

(1042, 3105): 2
(1042, 3074, [(3072, 2.966204285652495), (3840, 5.6742544867547045)], 3105)
(1042, 3088, [(3072, 2.966204285652495), (3840, 5.6742544867547045)], 3105)

(1044, 540): 1
(1044, 268, [(12, 2.966204285652495), (15, 5.6742544867547045)], 540)

(1044, 3105): 1
(1044, 3074, [(3072, 2.966204285652495), (3840, 5.6742544867547045)], 3105)

(1048, 540): 1
(1048, 268, [(12, 2.966204285652495), (15, 5.6742544867547045)], 540)

(1048, 3105): 1
(1048, 3074, [(3072, 2.966204285652495), (3840, 5.6742544867547045)], 3105)

(1058, 540): 1
(1058, 268, [(12, 2.966204285652495), (15, 5.6742544867547045)], 540)

(1058, 3105): 1
(1058, 3074, [(3072, 2.966204285652495), (3840, 5.6742544867547045)], 3105)

(1060, 540): 1
(1060, 268, [(12, 2.966204285652495), (15, 5.6742544867547045)], 540)

(1060, 3105): 1
(1060, 3074, [(3072, 2.966204285652495), (3840, 5.6742544867547045)], 3105)

(1064, 540): 1
(1064, 268, [(12, 2.966204285652495), (15, 5.6742544867547045)], 540)

(1064, 3105): 1
(1064, 3074, [(3072, 2.966204285652495), (3840, 5.6742544867547045)], 3105)

(1072, 540): 1
(1072, 268, [(12, 2.966204285652495), (15, 5.6742544867547045)], 540)

(1072, 3105): 1
(1072, 3074, [(3072, 2.966204285652495), (3840, 5.6742544867547045)], 3105)

(1089, 450): 1
(1089, 704, [(192, 2.966204285652495), (240, 5.6742544867547045)], 450)

(1089, 3105): 1
(1089, 3088, [(3072, 2.966204285652495), (3840, 5.6742544867547045)], 3105)

(1090, 450): 1
(1090, 704, [(192, 2.966204285652495), (240, 5.6742544867547045)], 450)

(1090, 3105): 1
(1090, 3088, [(3072, 2.966204285652495), (3840, 5.6742544867547045)], 3105)

(1104, 450): 1
(1104, 704, [(192, 2.966204285652495), (240, 5.6742544867547045)], 450)

(1104, 3105): 1
(1104, 3088, [(3072, 2.966204285652495), (3840, 5.6742544867547045)], 3105)

(1153, 450): 1
(1153, 704, [(192, 2.966204285652495), (240, 5.6742544867547045)], 450)

(1153, 3105): 1
(1153, 3088, [(3072, 2.966204285652495), (3840, 5.6742544867547045)], 3105)

(1154, 450): 1
(1154, 704, [(192, 2.966204285652495), (240, 5.6742544867547045)], 450)

(1154, 3105): 1
(1154, 3088, [(3072, 2.966204285652495), (3840, 5.6742544867547045)], 3105)

(1168, 450): 1
(1168, 704, [(192, 2.966204285652495), (240, 5.6742544867547045)], 450)

(1168, 3105): 1
(1168, 3088, [(3072, 2.966204285652495), (3840, 5.6742544867547045)], 3105)

(1216, 450): 1
(1216, 704, [(192, 2.966204285652495), (240, 5.6742544867547045)], 450)

(1216, 3105): 1
(1216, 3088, [(3072, 2.966204285652495), (3840, 5.6742544867547045)], 3105)

(1282, 540): 1
(1282, 268, [(12, 2.966204285652495), (15, 5.6742544867547045)], 540)

(1282, 3105): 1
(1282, 3074, [(3072, 2.966204285652495), (3840, 5.6742544867547045)], 3105)

(1284, 540): 1
(1284, 268, [(12, 2.966204285652495), (15, 5.6742544867547045)], 540)

(1284, 3105): 1
(1284, 3074, [(3072, 2.966204285652495), (3840, 5.6742544867547045)], 3105)

(1288, 540): 1
(1288, 268, [(12, 2.966204285652495), (15, 5.6742544867547045)], 540)

(1288, 3105): 1
(1288, 3074, [(3072, 2.966204285652495), (3840, 5.6742544867547045)], 3105)

(1296, 540): 1
(1296, 268, [(12, 2.966204285652495), (15, 5.6742544867547045)], 540)

(1296, 3105): 1
(1296, 3074, [(3072, 2.966204285652495), (3840, 5.6742544867547045)], 3105)

(1312, 540): 1
(1312, 268, [(12, 2.966204285652495), (15, 5.6742544867547045)], 540)

(1312, 3105): 1
(1312, 3074, [(3072, 2.966204285652495), (3840, 5.6742544867547045)], 3105)

(1537, 450): 1
(1537, 704, [(192, 2.966204285652495), (240, 5.6742544867547045)], 450)

(1537, 3105): 1
(1537, 3088, [(3072, 2.966204285652495), (3840, 5.6742544867547045)], 3105)

(1538, 450): 1
(1538, 704, [(192, 2.966204285652495), (240, 5.6742544867547045)], 450)

(1538, 3105): 1
(1538, 3088, [(3072, 2.966204285652495), (3840, 5.6742544867547045)], 3105)

(1552, 450): 1
(1552, 704, [(192, 2.966204285652495), (240, 5.6742544867547045)], 450)

(1552, 3105): 1
(1552, 3088, [(3072, 2.966204285652495), (3840, 5.6742544867547045)], 3105)

(1600, 450): 1
(1600, 704, [(192, 2.966204285652495), (240, 5.6742544867547045)], 450)

(1600, 3105): 1
(1600, 3088, [(3072, 2.966204285652495), (3840, 5.6742544867547045)], 3105)

(1664, 450): 1
(1664, 704, [(192, 2.966204285652495), (240, 5.6742544867547045)], 450)

(1664, 3105): 1
(1664, 3088, [(3072, 2.966204285652495), (3840, 5.6742544867547045)], 3105)

(2051, 450): 1
(2051, 704, [(192, 2.966204285652495), (240, 5.6742544867547045)], 450)

(2051, 3105): 1
(2051, 3088, [(3072, 2.966204285652495), (3840, 5.6742544867547045)], 3105)

(2054, 540): 1
(2054, 268, [(12, 2.966204285652495), (15, 5.6742544867547045)], 540)

(2054, 3105): 1
(2054, 3074, [(3072, 2.966204285652495), (3840, 5.6742544867547045)], 3105)

(2058, 540): 1
(2058, 268, [(12, 2.966204285652495), (15, 5.6742544867547045)], 540)

(2058, 3105): 1
(2058, 3074, [(3072, 2.966204285652495), (3840, 5.6742544867547045)], 3105)

(2060, 540): 1
(2060, 268, [(12, 2.966204285652495), (15, 5.6742544867547045)], 540)

(2060, 3105): 1
(2060, 3074, [(3072, 2.966204285652495), (3840, 5.6742544867547045)], 3105)

(2065, 450): 1
(2065, 704, [(192, 2.966204285652495), (240, 5.6742544867547045)], 450)

(2065, 3105): 1
(2065, 3088, [(3072, 2.966204285652495), (3840, 5.6742544867547045)], 3105)

(2066, 450): 2
(2066, 193, [(192, 2.966204285652495), (240, 5.6742544867547045)], 450)
(2066, 704, [(192, 2.966204285652495), (240, 5.6742544867547045)], 450)

(2066, 540): 2
(2066, 44, [(12, 2.966204285652495), (15, 5.6742544867547045)], 540)
(2066, 268, [(12, 2.966204285652495), (15, 5.6742544867547045)], 540)

(2066, 3105): 2
(2066, 3074, [(3072, 2.966204285652495), (3840, 5.6742544867547045)], 3105)
(2066, 3088, [(3072, 2.966204285652495), (3840, 5.6742544867547045)], 3105)

(2068, 540): 1
(2068, 268, [(12, 2.966204285652495), (15, 5.6742544867547045)], 540)

(2068, 3105): 1
(2068, 3074, [(3072, 2.966204285652495), (3840, 5.6742544867547045)], 3105)

(2072, 540): 1
(2072, 268, [(12, 2.966204285652495), (15, 5.6742544867547045)], 540)

(2072, 3105): 1
(2072, 3074, [(3072, 2.966204285652495), (3840, 5.6742544867547045)], 3105)

(2082, 540): 1
(2082, 268, [(12, 2.966204285652495), (15, 5.6742544867547045)], 540)

(2082, 3105): 1
(2082, 3074, [(3072, 2.966204285652495), (3840, 5.6742544867547045)], 3105)

(2084, 540): 1
(2084, 268, [(12, 2.966204285652495), (15, 5.6742544867547045)], 540)

(2084, 3105): 1
(2084, 3074, [(3072, 2.966204285652495), (3840, 5.6742544867547045)], 3105)

(2088, 540): 1
(2088, 268, [(12, 2.966204285652495), (15, 5.6742544867547045)], 540)

(2088, 3105): 1
(2088, 3074, [(3072, 2.966204285652495), (3840, 5.6742544867547045)], 3105)

(2096, 540): 1
(2096, 268, [(12, 2.966204285652495), (15, 5.6742544867547045)], 540)

(2096, 3105): 1
(2096, 3074, [(3072, 2.966204285652495), (3840, 5.6742544867547045)], 3105)

(2113, 450): 1
(2113, 704, [(192, 2.966204285652495), (240, 5.6742544867547045)], 450)

(2113, 3105): 1
(2113, 3088, [(3072, 2.966204285652495), (3840, 5.6742544867547045)], 3105)

(2114, 450): 1
(2114, 704, [(192, 2.966204285652495), (240, 5.6742544867547045)], 450)

(2114, 3105): 1
(2114, 3088, [(3072, 2.966204285652495), (3840, 5.6742544867547045)], 3105)

(2128, 450): 1
(2128, 704, [(192, 2.966204285652495), (240, 5.6742544867547045)], 450)

(2128, 3105): 1
(2128, 3088, [(3072, 2.966204285652495), (3840, 5.6742544867547045)], 3105)

(2177, 450): 1
(2177, 704, [(192, 2.966204285652495), (240, 5.6742544867547045)], 450)

(2177, 3105): 1
(2177, 3088, [(3072, 2.966204285652495), (3840, 5.6742544867547045)], 3105)

(2178, 450): 1
(2178, 704, [(192, 2.966204285652495), (240, 5.6742544867547045)], 450)

(2178, 3105): 1
(2178, 3088, [(3072, 2.966204285652495), (3840, 5.6742544867547045)], 3105)

(2192, 450): 1
(2192, 704, [(192, 2.966204285652495), (240, 5.6742544867547045)], 450)

(2192, 3105): 1
(2192, 3088, [(3072, 2.966204285652495), (3840, 5.6742544867547045)], 3105)

(2240, 450): 1
(2240, 704, [(192, 2.966204285652495), (240, 5.6742544867547045)], 450)

(2240, 3105): 1
(2240, 3088, [(3072, 2.966204285652495), (3840, 5.6742544867547045)], 3105)

(2306, 540): 1
(2306, 268, [(12, 2.966204285652495), (15, 5.6742544867547045)], 540)

(2306, 3105): 1
(2306, 3074, [(3072, 2.966204285652495), (3840, 5.6742544867547045)], 3105)

(2308, 540): 1
(2308, 268, [(12, 2.966204285652495), (15, 5.6742544867547045)], 540)

(2308, 3105): 1
(2308, 3074, [(3072, 2.966204285652495), (3840, 5.6742544867547045)], 3105)

(2312, 540): 1
(2312, 268, [(12, 2.966204285652495), (15, 5.6742544867547045)], 540)

(2312, 3105): 1
(2312, 3074, [(3072, 2.966204285652495), (3840, 5.6742544867547045)], 3105)

(2320, 540): 1
(2320, 268, [(12, 2.966204285652495), (15, 5.6742544867547045)], 540)

(2320, 3105): 1
(2320, 3074, [(3072, 2.966204285652495), (3840, 5.6742544867547045)], 3105)

(2336, 540): 1
(2336, 268, [(12, 2.966204285652495), (15, 5.6742544867547045)], 540)

(2336, 3105): 1
(2336, 3074, [(3072, 2.966204285652495), (3840, 5.6742544867547045)], 3105)

(2561, 450): 1
(2561, 704, [(192, 2.966204285652495), (240, 5.6742544867547045)], 450)

(2561, 3105): 1
(2561, 3088, [(3072, 2.966204285652495), (3840, 5.6742544867547045)], 3105)

(2562, 450): 1
(2562, 704, [(192, 2.966204285652495), (240, 5.6742544867547045)], 450)

(2562, 3105): 1
(2562, 3088, [(3072, 2.966204285652495), (3840, 5.6742544867547045)], 3105)

(2576, 450): 1
(2576, 704, [(192, 2.966204285652495), (240, 5.6742544867547045)], 450)

(2576, 3105): 1
(2576, 3088, [(3072, 2.966204285652495), (3840, 5.6742544867547045)], 3105)

(2624, 450): 1
(2624, 704, [(192, 2.966204285652495), (240, 5.6742544867547045)], 450)

(2624, 3105): 1
(2624, 3088, [(3072, 2.966204285652495), (3840, 5.6742544867547045)], 3105)

(2688, 450): 1
(2688, 704, [(192, 2.966204285652495), (240, 5.6742544867547045)], 450)

(2688, 3105): 1
(2688, 3088, [(3072, 2.966204285652495), (3840, 5.6742544867547045)], 3105)

(3073, 450): 1
(3073, 704, [(192, 2.966204285652495), (240, 5.6742544867547045)], 450)

(3073, 3105): 1
(3073, 3088, [(3072, 2.966204285652495), (3840, 5.6742544867547045)], 3105)

(3074, 450): 2
(3074, 193, [(192, 2.966204285652495), (240, 5.6742544867547045)], 450)
(3074, 704, [(192, 2.966204285652495), (240, 5.6742544867547045)], 450)

(3074, 540): 2
(3074, 44, [(12, 2.966204285652495), (15, 5.6742544867547045)], 540)
(3074, 268, [(12, 2.966204285652495), (15, 5.6742544867547045)], 540)

(3074, 3105): 2
(3074, 3074, [(3072, 2.966204285652495), (3840, 5.6742544867547045)], 3105)
(3074, 3088, [(3072, 2.966204285652495), (3840, 5.6742544867547045)], 3105)

(3076, 540): 1
(3076, 268, [(12, 2.966204285652495), (15, 5.6742544867547045)], 540)

(3076, 3105): 1
(3076, 3074, [(3072, 2.966204285652495), (3840, 5.6742544867547045)], 3105)

(3080, 540): 1
(3080, 268, [(12, 2.966204285652495), (15, 5.6742544867547045)], 540)

(3080, 3105): 1
(3080, 3074, [(3072, 2.966204285652495), (3840, 5.6742544867547045)], 3105)

(3088, 450): 2
(3088, 193, [(192, 2.966204285652495), (240, 5.6742544867547045)], 450)
(3088, 704, [(192, 2.966204285652495), (240, 5.6742544867547045)], 450)

(3088, 540): 2
(3088, 44, [(12, 2.966204285652495), (15, 5.6742544867547045)], 540)
(3088, 268, [(12, 2.966204285652495), (15, 5.6742544867547045)], 540)

(3088, 3105): 2
(3088, 3074, [(3072, 2.966204285652495), (3840, 5.6742544867547045)], 3105)
(3088, 3088, [(3072, 2.966204285652495), (3840, 5.6742544867547045)], 3105)

(3104, 540): 1
(3104, 268, [(12, 2.966204285652495), (15, 5.6742544867547045)], 540)

(3104, 3105): 1
(3104, 3074, [(3072, 2.966204285652495), (3840, 5.6742544867547045)], 3105)

(3136, 450): 1
(3136, 704, [(192, 2.966204285652495), (240, 5.6742544867547045)], 450)

(3136, 3105): 1
(3136, 3088, [(3072, 2.966204285652495), (3840, 5.6742544867547045)], 3105)

(3200, 450): 1
(3200, 704, [(192, 2.966204285652495), (240, 5.6742544867547045)], 450)

(3200, 3105): 1
(3200, 3088, [(3072, 2.966204285652495), (3840, 5.6742544867547045)], 3105)

(3328, 540): 1
(3328, 268, [(12, 2.966204285652495), (15, 5.6742544867547045)], 540)

(3328, 3105): 1
(3328, 3074, [(3072, 2.966204285652495), (3840, 5.6742544867547045)], 3105)

(3584, 450): 1
(3584, 704, [(192, 2.966204285652495), (240, 5.6742544867547045)], 450)

(3584, 3105): 1
(3584, 3088, [(3072, 2.966204285652495), (3840, 5.6742544867547045)], 3105)

