CC=gcc
CFLAGS=-Wall -O3
CXX=g++
CXXFLAGS=-std=c++14 -Wall -O3

all: test_nibble_aes test_brute_force gen_pairs
clean:
	rm nibble_aes.o test_nibble_aes
	rm brute_force.o test_brute_force
	rm gen_pairs_388 gen_pairs_6210

nibble_aes.o: nibble_aes.h
test_nibble_aes: nibble_aes.o

brute_force.o: nibble_aes.o
test_brute_force: brute_force.o nibble_aes.o

gen_pairs: gen_pairs_388 gen_pairs_6210
	python3 gen_gen_pairs.py 388 14025 23130 27795 37740 42405 51510 > gen_pairs_388.c
	python3 gen_gen_pairs.py 6210 14025 23130 27795 37740 42405 51510 2029 2942 3511 3803 4990 5101 5613 5851 5869 5997 6061 6093 6117 6121 6124 6526 6782 6875 6974 7006 7022 7030 7034 7036 7387 7771 7835 7883 7891 7897 7898 9197 9655 9709 9947 9965 10093 10157 10189 10213 10217 10220 10679 10971 11447 11483 11575 11671 11687 11699 11701 11702 11867 11931 11979 11987 11993 11994 12781 13019 13037 13165 13229 13261 13285 13289 13292 13531 13549 13677 13741 13773 13797 13801 13804 13915 13933 13979 13997 14035 14042 14053 14060 14125 14157 14181 14185 14188 14221 14245 14249 14252 14277 14284 14305 14308 14312 14555 14939 15003 15051 15059 15065 15066 15451 15515 15563 15571 15577 15578 15899 15947 15955 15961 15962 16011 16019 16025 16026 16067 16074 16081 16082 16088 17278 17847 18139 18814 18871 19070 19163 19262 19294 19310 19318 19322 19324 19639 19675 19767 19863 19879 19891 19893 19894 20059 20123 20171 20179 20185 20186 20862 21118 21211 21310 21342 21358 21366 21370 21372 21723 22107 22171 22219 22227 22233 22234 22654 22747 22846 22878 22894 22902 22906 22908 23102 23150 23158 23164 23195 23243 23251 23257 23326 23342 23350 23354 23356 23374 23382 23388 23398 23402 23404 23410 23412 23416 23643 23707 23755 23763 23769 23770 24091 24139 24147 24153 24203 24211 24217 24218 24259 24265 24266 24273 24274 24280 25015 25307 25783 25819 25911 26007 26023 26035 26037 26038 26203 26267 26315 26323 26329 26330 26807 26843 26935 27031 27047 27059 27061 27062 27227 27291 27339 27347 27353 27354 27703 27739 27815 27829 27830 27851 27865 27866 27927 27943 27955 27957 27958 28039 28053 28054 28067 28069 28070 28081 28082 28084 28187 28235 28243 28249 28250 28299 28313 28314 28355 28361 28362 28369 28370 28376 28891 29275 29339 29387 29395 29401 29402 29787 29851 29899 29907 29913 29914 30235 30283 30291 30297 30298 30347 30355 30361 30362 30403 30410 30417 30418 30424 30811 30875 30923 30931 30937 30938 31259 31307 31315 31321 31371 31379 31385 31386 31427 31433 31434 31441 31442 31448 31771 31819 31827 31833 31834 31883 31897 31898 31939 31945 31946 31953 31954 31960 32267 32275 32281 32282 32323 32329 32330 32337 32338 32344 32387 32393 32394 32401 32402 32408 32449 32450 32456 32464 33662 33773 34231 34285 34541 34669 34733 34765 34789 34793 34796 35198 35255 35454 35646 35678 35694 35702 35706 35708 36023 36151 36247 36263 36275 36277 36278 37246 37357 37502 37613 37694 37726 37750 37754 37805 37837 37861 37865 38125 38253 38317 38349 38373 38377 38380 38509 38573 38605 38629 38633 38636 38701 38733 38757 38761 38797 38821 38825 38828 38853 38857 38860 38881 38884 38888 39038 39230 39262 39278 39286 39290 39292 39486 39518 39534 39542 39546 39548 39710 39726 39734 39738 39740 39758 39766 39770 39772 39782 39786 39794 39796 39800 41399 41453 41709 41837 41901 41933 41957 41961 41964 42167 42221 42295 42349 42391 42419 42422 42445 42473 42476 42605 42669 42701 42725 42729 42732 42797 42829 42853 42857 42860 42893 42921 42924 42949 42953 42956 42977 42980 42984 43191 43319 43415 43431 43443 43445 43446 44087 44183 44199 44211 44213 44214 44311 44327 44339 44341 44342 44423 44435 44437 44438 44451 44454 44465 44466 44468 45293 45421 45485 45517 45541 45545 45548 45677 45741 45773 45797 45801 45804 45869 45901 45925 45929 45965 45989 45993 45996 46021 46025 46028 46049 46052 46056 46189 46253 46285 46309 46313 46316 46381 46413 46437 46441 46444 46477 46505 46508 46533 46537 46540 46561 46564 46568 46637 46669 46693 46697 46700 46733 46757 46761 46764 46789 46796 46817 46820 46824 46861 46885 46889 46892 46917 46921 46924 46945 46948 46952 46981 46985 46988 47009 47012 47016 47041 47044 47048 47072 49534 49591 49790 49982 50014 50030 50038 50042 50044 50359 50487 50583 50599 50611 50613 50614 51326 51383 51550 51566 51578 51580 51607 51623 51635 51637 51774 51806 51822 51830 51834 51836 51998 52014 52026 52028 52046 52054 52058 52060 52070 52074 52076 52082 52084 52088 52279 52375 52391 52403 52405 52406 52503 52519 52531 52533 52615 52627 52629 52630 52643 52645 52646 52657 52658 52660 53374 53566 53598 53614 53622 53626 53628 53822 53854 53870 53878 53882 53884 54046 54062 54070 54074 54076 54094 54102 54106 54108 54118 54122 54130 54132 54136 55358 55390 55406 55414 55418 55420 55582 55598 55610 55612 55630 55638 55642 55644 55654 55658 55660 55666 55668 55672 55838 55854 55862 55866 55868 55886 55894 55900 55910 55914 55916 55922 55924 55928 56078 56086 56090 56092 56102 56106 56108 56114 56116 56120 56134 56138 56140 56146 56148 56152 56162 56164 56168 56176 57527 57655 57751 57767 57779 57781 57782 58423 58519 58535 58547 58549 58550 58647 58663 58675 58677 58678 58759 58771 58773 58774 58787 58790 58801 58802 58804 59447 59543 59559 59571 59573 59574 59671 59687 59699 59701 59783 59795 59797 59798 59811 59813 59814 59825 59826 59828 60439 60455 60467 60469 60470 60551 60565 60566 60579 60581 60582 60593 60594 60596 60679 60691 60693 60694 60707 60709 60710 60721 60722 60724 60803 60805 60806 60817 60818 60820 60833 60834 60836 60848 > gen_pairs_6210.c
gen_pairs_388: nibble_aes.o
gen_pairs_6210: nibble_aes.o

